-1 2.01014
-0.95 1.99983
-0.9 1.98339
-0.85 1.96118
-0.8 1.93353
-0.75 1.90077
-0.7 1.86325
-0.65 1.82129
-0.6 1.77523
-0.55 1.72541
-0.5 1.67217
-0.45 1.61584
-0.4 1.55677
-0.35 1.49527
-0.3 1.4317
-0.25 1.36639
-0.2 1.29968
-0.15 1.23189
-0.1 1.16338
-0.05 1.09446
3.19189e-16 1.02549
0.05 0.956799
0.1 0.88872
0.15 0.821591
0.2 0.75575
0.25 0.691531
0.3 0.629272
0.35 0.56931
0.4 0.511981
0.45 0.45762
0.5 0.406565
0.55 0.359153
0.6 0.315719
0.65 0.2766
0.7 0.242132
0.75 0.212653
0.8 0.188498
0.85 0.170004
0.9 0.157507
0.95 0.151344
