-1 2
-0.95 1.99654
-0.9 1.98618
-0.85 1.96905
-0.8 1.94531
-0.75 1.91521
-0.7 1.87905
-0.65 1.83719
-0.6 1.79005
-0.55 1.73809
-0.5 1.68179
-0.45 1.62169
-0.4 1.55833
-0.35 1.49226
-0.3 1.42405
-0.25 1.35426
-0.2 1.28343
-0.15 1.21209
-0.1 1.14076
-0.05 1.06992
3.19189e-16 1
0.05 0.931418
0.1 0.864537
0.15 0.799683
0.2 0.737135
0.25 0.677128
0.3 0.619854
0.35 0.565461
0.4 0.514057
0.45 0.465709
0.5 0.420448
0.55 0.378273
0.6 0.339151
0.65 0.303023
0.7 0.269807
0.75 0.239401
0.8 0.211686
0.85 0.186533
0.9 0.163799
0.95 0.143339
