-1 1.03111
-0.95 0.930284
-0.9 0.866024
-0.85 0.823753
-0.8 0.792282
-0.75 0.763375
-0.7 0.731341
-0.65 0.692655
-0.6 0.645592
-0.55 0.589901
-0.5 0.526484
-0.45 0.457124
-0.4 0.384216
-0.35 0.310533
-0.3 0.239019
-0.25 0.172601
-0.2 0.114028
-0.15 0.0657346
-0.1 0.0297295
-0.05 0.00751034
3.19189e-16 4.44089e-16
0.05 0.00751034
0.1 0.0297295
0.15 0.0657346
0.2 0.114028
0.25 0.172601
0.3 0.239019
0.35 0.310533
0.4 0.384216
0.45 0.457124
0.5 0.526484
0.55 0.589901
0.6 0.645592
0.65 0.692655
0.7 0.731341
0.75 0.763375
0.8 0.792282
0.85 0.823753
0.9 0.866024
0.95 0.930284
