-1 1.01282
-0.95 0.937384
-0.9 0.903479
-0.85 0.864637
-0.8 0.811002
-0.75 0.748403
-0.7 0.686189
-0.65 0.631172
-0.6 0.585565
-0.55 0.547336
-0.5 0.511759
-0.45 0.473334
-0.4 0.427526
-0.35 0.371989
-0.3 0.307174
-0.25 0.236283
-0.2 0.16471
-0.15 0.0991002
-0.1 0.0462303
-0.05 0.0118998
3.19189e-16 1.11022e-16
0.05 0.0118998
0.1 0.0462303
0.15 0.0991002
0.2 0.16471
0.25 0.236283
0.3 0.307174
0.35 0.371989
0.4 0.427526
0.45 0.473334
0.5 0.511759
0.55 0.547336
0.6 0.585565
0.65 0.631172
0.7 0.686189
0.75 0.748403
0.8 0.811002
0.85 0.864637
0.9 0.903479
0.95 0.937384
