-1 1.03596
-0.95 0.961342
-0.9 0.890545
-0.85 0.823576
-0.8 0.760433
-0.75 0.701117
-0.7 0.645628
-0.65 0.593966
-0.6 0.54613
-0.55 0.502122
-0.5 0.46194
-0.45 0.425585
-0.4 0.393057
-0.35 0.364355
-0.3 0.339481
-0.25 0.318433
-0.2 0.301213
-0.15 0.287819
-0.1 0.278252
-0.05 0.272511
3.19189e-16 0.270598
0.05 0.272511
0.1 0.278252
0.15 0.287819
0.2 0.301213
0.25 0.318433
0.3 0.339481
0.35 0.364355
0.4 0.393057
0.45 0.425585
0.5 0.46194
0.55 0.502122
0.6 0.54613
0.65 0.593966
0.7 0.645628
0.75 0.701117
0.8 0.760433
0.85 0.823576
0.9 0.890545
0.95 0.961342
