-1 2.71828
-0.95 2.46576
-0.9 2.24791
-0.85 2.05957
-0.8 1.89648
-0.75 1.75505
-0.7 1.63232
-0.65 1.52577
-0.6 1.43333
-0.55 1.35324
-0.5 1.28402
-0.45 1.22446
-0.4 1.17351
-0.35 1.13032
-0.3 1.09417
-0.25 1.06449
-0.2 1.04081
-0.15 1.02276
-0.1 1.01005
-0.05 1.0025
3.19189e-16 1
0.05 1.0025
0.1 1.01005
0.15 1.02276
0.2 1.04081
0.25 1.06449
0.3 1.09417
0.35 1.13032
0.4 1.17351
0.45 1.22446
0.5 1.28402
0.55 1.35324
0.6 1.43333
0.65 1.52577
0.7 1.63232
0.75 1.75505
0.8 1.89648
0.85 2.05957
0.9 2.24791
0.95 2.46576
