-1 2.59449
-0.95 2.43037
-0.9 2.27466
-0.85 2.12738
-0.8 1.9885
-0.75 1.85805
-0.7 1.73601
-0.65 1.62239
-0.6 1.51718
-0.55 1.4204
-0.5 1.33202
-0.45 1.25207
-0.4 1.18053
-0.35 1.1174
-0.3 1.0627
-0.25 1.01641
-0.2 0.978533
-0.15 0.949076
-0.1 0.928035
-0.05 0.91541
3.19189e-16 0.911202
0.05 0.91541
0.1 0.928035
0.15 0.949076
0.2 0.978533
0.25 1.01641
0.3 1.0627
0.35 1.1174
0.4 1.18053
0.45 1.25207
0.5 1.33202
0.55 1.4204
0.6 1.51718
0.65 1.62239
0.7 1.73601
0.75 1.85805
0.8 1.9885
0.85 2.12738
0.9 2.27466
0.95 2.43037
