-1 2.71714
-0.95 2.46641
-0.9 2.2489
-0.85 2.06025
-0.8 1.89666
-0.75 1.75479
-0.7 1.63177
-0.65 1.52513
-0.6 1.43274
-0.55 1.3528
-0.5 1.28378
-0.45 1.22441
-0.4 1.17361
-0.35 1.13052
-0.3 1.09442
-0.25 1.06473
-0.2 1.041
-0.15 1.02288
-0.1 1.01011
-0.05 1.00252
3.19189e-16 1
0.05 1.00252
0.1 1.01011
0.15 1.02288
0.2 1.041
0.25 1.06473
0.3 1.09442
0.35 1.13052
0.4 1.17361
0.45 1.22441
0.5 1.28378
0.55 1.3528
0.6 1.43274
0.65 1.52513
0.7 1.63177
0.75 1.75479
0.8 1.89666
0.85 2.06025
0.9 2.2489
0.95 2.46641
