-1 -1.10372
-0.95 -0.896879
-0.9 -1.02875
-0.85 -1.12244
-0.8 -1.0933
-0.75 -0.98624
-0.7 -0.878912
-0.65 -0.831521
-0.6 -0.867745
-0.55 -0.974906
-0.5 -1.11443
-0.45 -1.23615
-0.4 -1.29218
-0.35 -1.24764
-0.3 -1.08709
-0.25 -0.816314
-0.2 -0.460089
-0.15 -0.0568189
-0.1 0.348643
-0.05 0.712701
3.19189e-16 1
0.05 1.18869
0.1 1.27325
0.15 1.26452
0.2 1.18701
0.25 1.07395
0.3 0.960735
0.35 0.878011
0.4 0.845449
0.45 0.867559
0.5 0.932608
0.55 1.01541
0.6 1.08414
0.65 1.11055
0.7 1.08163
0.75 1.0095
0.8 0.934201
0.85 0.912001
0.9 0.978982
0.95 1.07656
