-1 -1.17397
-0.95 -0.887987
-0.9 -0.803538
-0.85 -0.845246
-0.8 -0.953498
-0.75 -1.08256
-0.7 -1.19882
-0.65 -1.27907
-0.6 -1.30896
-0.55 -1.28153
-0.5 -1.19583
-0.45 -1.05565
-0.4 -0.868389
-0.35 -0.643944
-0.3 -0.393796
-0.25 -0.130138
-0.2 0.134873
-0.15 0.389765
-0.1 0.624295
-0.05 0.829893
3.19189e-16 1
0.05 1.13031
0.1 1.21889
0.15 1.26623
0.2 1.27516
0.25 1.25067
0.3 1.19967
0.35 1.13053
0.4 1.05269
0.45 0.976012
0.5 0.910112
0.55 0.863566
0.6 0.843018
0.65 0.852178
0.7 0.890725
0.75 0.953101
0.8 1.02721
0.85 1.093
0.9 1.12096
0.95 1.07051
