-1 -0.765367
-0.95 -0.927612
-0.9 -1.05901
-0.85 -1.16118
-0.8 -1.23575
-0.75 -1.28435
-0.7 -1.30858
-0.65 -1.31009
-0.6 -1.2905
-0.55 -1.25142
-0.5 -1.19448
-0.45 -1.1213
-0.4 -1.03351
-0.35 -0.932738
-0.3 -0.820596
-0.25 -0.698713
-0.2 -0.568712
-0.15 -0.432217
-0.1 -0.29085
-0.05 -0.146237
3.19189e-16 7.53892e-16
0.05 0.146237
0.1 0.29085
0.15 0.432217
0.2 0.568712
0.25 0.698713
0.3 0.820596
0.35 0.932738
0.4 1.03351
0.45 1.1213
0.5 1.19448
0.55 1.25142
0.6 1.2905
0.65 1.31009
0.7 1.30858
0.75 1.28435
0.8 1.23575
0.85 1.16118
0.9 1.05901
0.95 0.927612
